map 0.05 50 10 3
ObsCylinder 9.24905 2.76307 0 3 0.229858
ObsCylinder 14.8947 2.45017 0 3 0.244203
ObsCylinder 40.7894 8.76557 0 3 0.255782
ObsCylinder 37.3578 5.15465 0 3 0.220783
ObsCylinder 45.5414 2.60744 0 3 0.215038
ObsCylinder 6.52033 8.82806 0 3 0.258226
ObsCylinder 17.0647 5.65802 0 3 0.210785
ObsCylinder 30.7642 3.84701 0 3 0.221789
ObsCylinder 35.1712 2.6312 0 3 0.287442
ObsCylinder 28.937 7.45167 0 3 0.249912
ObsCylinder 11.9401 5.94627 0 3 0.250407
ObsCylinder 18.6746 6.03763 0 3 0.203672
ObsCylinder 9.25258 1.27493 0 3 0.219139
ObsCylinder 41.5832 4.00841 0 3 0.261053
ObsCylinder 24.6106 5.39179 0 3 0.222348
ObsCylinder 6.92753 1.83534 0 3 0.209261
ObsCylinder 22.1401 7.57446 0 3 0.267115
ObsCylinder 38.6388 2.64465 0 3 0.212751
ObsCylinder 33.825 5.13062 0 3 0.280503
ObsCylinder 10.1309 8.78512 0 3 0.244301
ObsCylinder 17.3956 1.81181 0 3 0.202184
ObsCylinder 31.5143 2.24165 0 3 0.274909
ObsCylinder 27.6831 2.41857 0 3 0.251594
ObsCylinder 42.8513 2.00258 0 3 0.246064
ObsCylinder 15.908 4.95343 0 3 0.255402
ObsCylinder 30.7251 5.43544 0 3 0.233139
ObsCylinder 46.6184 4.83953 0 3 0.287394
ObsCylinder 29.2716 4.85885 0 3 0.222367
ObsCylinder 7.67915 6.76707 0 3 0.227448
ObsCylinder 18.6435 8.36615 0 3 0.22794
ObsCylinder 40.2004 6.31644 0 3 0.238051
ObsCylinder 8.43702 8.26725 0 3 0.207713
ObsCylinder 38.4468 6.39976 0 3 0.257024
ObsCylinder 17.3543 8.88009 0 3 0.211733
ObsCylinder 21.2262 4.7623 0 3 0.244959
ObsCylinder 38.8035 8.14277 0 3 0.236602
ObsCylinder 9.85951 4.12095 0 3 0.264883
ObsCylinder 12.0855 1.5578 0 3 0.224526
ObsCylinder 5.10523 7.66893 0 3 0.267461
ObsCylinder 33.0353 7.74156 0 3 0.277678
ObsCylinder 43.6683 5.5163 0 3 0.245777
ObsCylinder 26.7084 6.25848 0 3 0.287537
ObsCylinder 19.8939 1.59786 0 3 0.251972
ObsCylinder 12.8642 3.59452 0 3 0.25095
ObsCylinder 36.3246 3.46478 0 3 0.230265
ObsCylinder 38.5173 3.98027 0 3 0.271317
ObsCylinder 7.43518 4.04308 0 3 0.262709
ObsCylinder 42.6117 6.52025 0 3 0.215035
ObsCylinder 29.1512 6.11707 0 3 0.214467
ObsCylinder 24.6332 7.78732 0 3 0.204867
ObsCylinder 24.0104 1.44852 0 3 0.251392
ObsCylinder 34.3504 3.93735 0 3 0.213879
ObsCylinder 25.4268 2.19994 0 3 0.282136
ObsCylinder 44.4931 8.2204 0 3 0.20245
ObsCylinder 17.3639 7.02251 0 3 0.21965
ObsCylinder 8.5997 5.04697 0 3 0.28426
ObsCylinder 3.0105 7.97702 0 3 0.23809
ObsCylinder 14.3531 7.84893 0 3 0.204783
ObsCylinder 21.1794 1.40994 0 3 0.210354
ObsCylinder 46.7561 6.28383 0 3 0.243399
ObsCylinder 28.2939 3.56034 0 3 0.233931
ObsCylinder 20.7086 7.85521 0 3 0.292769
ObsCylinder 19.1716 4.40929 0 3 0.281733
ObsCylinder 32.1675 3.80688 0 3 0.291362
ObsCylinder 30.3433 7.10263 0 3 0.268685
ObsCylinder 9.11638 6.78843 0 3 0.22371
ObsCylinder 23.3509 5.80325 0 3 0.203438
ObsCylinder 35.999 6.83538 0 3 0.285677
ObsCylinder 17.5624 3.63563 0 3 0.279376
ObsCylinder 21.0192 2.9411 0 3 0.255197
ObsCylinder 35.5005 1.28007 0 3 0.265581
ObsCylinder 22.9775 3.36168 0 3 0.294909
ObsCylinder 3.98859 3.83077 0 3 0.251623
ObsCylinder 2.9788 2.60744 0 3 0.294777
ObsCylinder 8.19287 1.93463 0 3 0.22743
ObsCylinder 29.4783 2.36788 0 3 0.272607
ObsCylinder 5.60899 1.4855 0 3 0.294551
ObsCylinder 5.93237 3.58097 0 3 0.274044
ObsCylinder 9.80762 5.66771 0 3 0.216731
ObsCylinder 19.3894 2.8794 0 3 0.242658
ObsCylinder 21.0265 6.15543 0 3 0.275808
ObsCylinder 31.3529 8.65814 0 3 0.212923
ObsCylinder 44.6528 3.95892 0 3 0.228849
ObsCylinder 12.7081 7.57907 0 3 0.29445
ObsCylinder 5.89497 5.92667 0 3 0.241042
ObsCylinder 35.1899 5.47472 0 3 0.275196
ObsCylinder 44.9987 1.24239 0 3 0.288545
ObsCylinder 33.0625 1.91145 0 3 0.280228
ObsCylinder 11.5855 3.26733 0 3 0.22197
ObsCylinder 4.46348 5.14387 0 3 0.28189
ObsCylinder 35.3594 7.97369 0 3 0.200608
ObsCylinder 28.099 8.41298 0 3 0.220277
ObsCylinder 42.6272 7.78951 0 3 0.210101
ObsCylinder 13.4046 1.34342 0 3 0.295178
ObsCylinder 34.304 7.04808 0 3 0.227322
ObsCylinder 40.1543 2.77336 0 3 0.236659
ObsCylinder 32.0624 5.66801 0 3 0.297167
ObsCylinder 15.9289 6.80879 0 3 0.288249
ObsCylinder 27.9973 5.70696 0 3 0.201537
ObsCylinder 37.2701 1.36342 0 3 0.220415
ObsCylinder 4.23949 1.71253 0 3 0.255553
ObsCylinder 14.5889 4.57348 0 3 0.213829
ObsCylinder 13.3593 5.44404 0 3 0.214633
ObsCylinder 2.68394 5.48536 0 3 0.238431
ObsCylinder 22.7111 8.77178 0 3 0.24937
ObsCylinder 40.7829 5.17943 0 3 0.217628
ObsCylinder 11.6426 8.36082 0 3 0.217157
ObsCylinder 47.782 3.69956 0 3 0.216172
ObsCylinder 47.5693 7.43742 0 3 0.293534
ObsCylinder 47.7025 1.44894 0 3 0.289452
ObsCylinder 37.4545 7.59527 0 3 0.279267
ObsCylinder 46.0077 7.44932 0 3 0.275451
ObsCylinder 13.4156 8.81725 0 3 0.259683
ObsCylinder 43.3489 3.7352 0 3 0.225872
ObsCylinder 41.5727 1.56562 0 3 0.270329
ObsCylinder 16.038 8.34822 0 3 0.284354
ObsCylinder 24.6946 4.12427 0 3 0.218231
ObsCylinder 44.4077 6.61358 0 3 0.256929
ObsCylinder 16.1601 1.39019 0 3 0.240952
ObsCylinder 26.814 7.79174 0 3 0.238424
ObsCylinder 26.5331 4.00325 0 3 0.292754
ObsCylinder 3.66734 6.59079 0 3 0.255298
ObsCylinder 25.613 8.80838 0 3 0.290868
ObsCylinder 10.7936 1.26271 0 3 0.22758
ObsCylinder 2.67743 4.08516 0 3 0.210734
ObsCylinder 46.9524 8.83195 0 3 0.205065
ObsCylinder 34.2864 8.71112 0 3 0.212183
ObsCylinder 10.951 7.15041 0 3 0.205402
ObsCylinder 12.0483 4.64334 0 3 0.217572
ObsCylinder 28.5153 1.29779 0 3 0.267315
ObsCylinder 29.6482 8.82086 0 3 0.270549
ObsCylinder 39.3468 1.25278 0 3 0.292694
ObsCylinder 22.4782 2.01326 0 3 0.283057
ObsCylinder 25.6736 7.05493 0 3 0.208277
ObsCylinder 15.9635 3.65591 0 3 0.234348
ObsCylinder 41.4511 7.31127 0 3 0.245715
ObsCylinder 14.5834 6.18926 0 3 0.290484
ObsCylinder 44.2841 2.54442 0 3 0.23896
ObsCylinder 39.1598 5.1882 0 3 0.229929
ObsCylinder 23.4016 7.17298 0 3 0.240281
ObsCylinder 46.7752 2.91276 0 3 0.216082
ObsCylinder 2.42095 1.2651 0 3 0.23976
ObsCylinder 42.2523 5.23824 0 3 0.276182
ObsCylinder 45.3205 5.52042 0 3 0.259038
ObsCylinder 31.7244 7.10917 0 3 0.221369
ObsCylinder 30.1708 1.12786 0 3 0.215583
ObsCylinder 6.52849 7.33155 0 3 0.201626
ObsCylinder 26.7255 1.34898 0 3 0.288645
ObsCylinder 46.3391 1.36565 0 3 0.256784
ObsCylinder 4.35566 8.79702 0 3 0.231413
ObsCylinder 2.22116 6.70883 0 3 0.2203
ObsCylinder 39.9284 4.17845 0 3 0.225526
ObsCylinder 10.8364 4.99203 0 3 0.21027
ObsCylinder 43.4039 8.86809 0 3 0.225727
ObsCylinder 37.3861 2.63081 0 3 0.231498
ObsCylinder 18.6406 1.20135 0 3 0.258374
ObsCylinder 37.0474 8.82598 0 3 0.216628
ObsCylinder 19.624 6.95832 0 3 0.23065
ObsCylinder 14.8953 1.12989 0 3 0.223269
ObsCylinder 22.655 4.73951 0 3 0.264195
ObsCylinder 7.23741 5.34861 0 3 0.217364
ObsCylinder 40.0585 7.66521 0 3 0.203418
ObsCylinder 25.8913 5.256 0 3 0.204026
ObsCylinder 33.2256 6.29945 0 3 0.2161
ObsCylinder 45.6493 8.81855 0 3 0.23916
ObsCylinder 34.0948 1.11525 0 3 0.214961
ObsCylinder 24.2622 2.87834 0 3 0.248925
ObsCylinder 19.8012 8.84628 0 3 0.214744
ObsCylinder 10.4979 2.56987 0 3 0.210744
ObsCylinder 19.8383 5.58368 0 3 0.205463
ObsCylinder 23.9957 8.84806 0 3 0.219224
ObsCylinder 36.2074 4.6969 0 3 0.200034
ObsCylinder 14.1243 3.44808 0 3 0.200514
ObsCylinder 4.829 2.852 0 3 0.221669
ObsCylinder 33.3289 3.22432 0 3 0.203918
